0 1 0 0.501953125 0.4435763888888889 0.0859375 0.2760416666666667
1 1 0 0.50169921875 0.44395833333333334 0.0859375 0.27604166666666663
2 1 0 0.5014453125 0.4443402777777778 0.0859375 0.2760416666666667
3 1 0 0.50119140625 0.44472222222222224 0.0859375 0.2760416666666667
4 1 0 0.5009375 0.4451041666666667 0.0859375 0.27604166666666674
5 1 0 0.50068359375 0.44548611111111114 0.0859375 0.2760416666666667
6 1 0 0.5004296874999999 0.44586805555555553 0.0859375 0.27604166666666663
7 1 0 0.5001757812500001 0.44625000000000004 0.0859375 0.2760416666666667
8 1 0 0.499921875 0.44663194444444443 0.0859375 0.2760416666666667
9 1 0 0.4996679687500001 0.44701388888888893 0.0859375 0.27604166666666674
10 1 0 0.49941406250000003 0.4473958333333333 0.0859375 0.2760416666666667
11 1 0 0.49916015625 0.4477777777777778 0.0859375 0.27604166666666663
12 1 0 0.49890625000000005 0.4481597222222223 0.0859375 0.2760416666666667
13 1 0 0.49865234375 0.44854166666666667 0.0859375 0.2760416666666667
14 1 0 0.49839843750000007 0.4489236111111112 0.0859375 0.27604166666666674
15 1 0 0.49814453125 0.44930555555555557 0.0859375 0.2760416666666667
16 1 0 0.497890625 0.44968749999999996 0.0859375 0.27604166666666663
17 1 0 0.49763671875000004 0.45006944444444447 0.0859375 0.2760416666666667
18 1 0 0.4973828125 0.4504513888888889 0.0859375 0.2760416666666667
19 1 0 0.49712890625000006 0.45083333333333336 0.0859375 0.27604166666666674
20 1 0 0.496875 0.4512152777777778 0.0859375 0.2760416666666667
21 1 0 0.49662109374999996 0.4515972222222222 0.0859375 0.27604166666666663
22 1 0 0.49636718750000003 0.4519791666666667 0.0859375 0.2760416666666667
23 1 0 0.49611328125 0.4523611111111111 0.0859375 0.2760416666666667
24 1 0 0.49585937500000005 0.4527430555555556 0.0859375 0.27604166666666674
25 1 0 0.49560546875 0.453125 0.0859375 0.2760416666666667
26 1 0 0.4953515625 0.45350694444444445 0.0859375 0.27604166666666663
27 1 0 0.49509765625 0.4538888888888889 0.0859375 0.2760416666666667
28 1 0 0.49484375 0.45427083333333335 0.0859375 0.2760416666666667
29 1 0 0.49458984375000004 0.45465277777777785 0.0859375 0.27604166666666674
30 1 0 0.49433593750000004 0.45503472222222224 0.0859375 0.2760416666666667
31 1 0 0.49408203125 0.45541666666666664 0.0859375 0.27604166666666663
32 1 0 0.49382812500000006 0.45579861111111114 0.0859375 0.2760416666666667
33 1 0 0.49357421875 0.45618055555555553 0.0859375 0.2760416666666667
34 1 0 0.4933203125000001 0.45656250000000004 0.0859375 0.27604166666666674
35 1 0 0.49306640625000003 0.4569444444444445 0.0859375 0.2760416666666667
36 1 0 0.4928125 0.4573263888888889 0.0859375 0.27604166666666663
37 1 0 0.49255859375000005 0.4577083333333334 0.0859375 0.2760416666666667
38 1 0 0.4923046875 0.4580902777777778 0.0859375 0.2760416666666667
39 1 0 0.49205078125000007 0.4584722222222223 0.0859375 0.27604166666666674
40 1 0 0.491796875 0.4588541666666667 0.0859375 0.2760416666666667
41 1 0 0.49154296875 0.4592361111111111 0.0859375 0.27604166666666663
42 1 0 0.49128906250000004 0.45961805555555557 0.0859375 0.2760416666666667
43 1 0 0.49103515625 0.46 0.0859375 0.2760416666666667
44 1 0 0.49078125000000006 0.46038194444444447 0.0859375 0.27604166666666674
45 1 0 0.49052734375 0.4607638888888889 0.0859375 0.2760416666666667
46 1 0 0.49027343749999996 0.4611458333333333 0.0859375 0.27604166666666663
47 1 0 0.49001953125000003 0.4615277777777778 0.0859375 0.2760416666666667
48 1 0 0.489765625 0.4619097222222222 0.0859375 0.2760416666666667
49 1 0 0.48951171875000005 0.4622916666666667 0.0859375 0.27604166666666674
50 1 0 0.4892578125 0.4626736111111111 0.0859375 0.2760416666666667
0 2 0 0.39794921875 0.740451388888889 0.1083984375 0.3072916666666667
1 2 0 0.39734375000000005 0.7401388888888889 0.1083984375 0.3072916666666667
2 2 0 0.39673828125000005 0.7398263888888889 0.10839843750000006 0.3072916666666666
3 2 0 0.3961328125 0.739513888888889 0.10839843749999996 0.30729166666666674
4 2 0 0.39552734375 0.739201388888889 0.1083984375 0.3072916666666667
5 2 0 0.39492187500000003 0.7388888888888889 0.1083984375 0.3072916666666667
6 2 0 0.39431640625000003 0.7385763888888889 0.1083984375 0.3072916666666667
7 2 0 0.3937109375000001 0.7382638888888888 0.10839843750000006 0.3072916666666666
8 2 0 0.39310546874999996 0.737951388888889 0.10839843749999996 0.30729166666666674
9 2 0 0.3925 0.737638888888889 0.1083984375 0.3072916666666667
10 2 0 0.39189453125 0.7373263888888889 0.1083984375 0.3072916666666667
11 2 0 0.39128906250000006 0.7370138888888889 0.1083984375 0.3072916666666667
12 2 0 0.39068359375000006 0.7367013888888888 0.10839843750000006 0.3072916666666666
13 2 0 0.390078125 0.736388888888889 0.10839843749999996 0.30729166666666674
14 2 0 0.38947265625 0.7360763888888889 0.1083984375 0.3072916666666667
15 2 0 0.38886718750000004 0.7357638888888889 0.1083984375 0.3072916666666667
16 2 0 0.38826171875000004 0.7354513888888888 0.1083984375 0.3072916666666667
17 2 0 0.38765625000000004 0.7351388888888889 0.10839843750000006 0.3072916666666666
18 2 0 0.38705078125 0.734826388888889 0.10839843749999996 0.30729166666666674
19 2 0 0.3864453125 0.7345138888888889 0.1083984375 0.3072916666666667
20 2 0 0.38583984375 0.7342013888888889 0.1083984375 0.3072916666666667
21 2 0 0.385234375 0.7338888888888889 0.1083984375 0.3072916666666667
22 2 0 0.38462890625000007 0.7335763888888889 0.10839843750000006 0.3072916666666666
23 2 0 0.3840234375 0.7332638888888889 0.10839843749999996 0.30729166666666674
24 2 0 0.38341796875 0.732951388888889 0.1083984375 0.3072916666666667
25 2 0 0.3828125 0.732638888888889 0.1083984375 0.3072916666666667
26 2 0 0.38220703125000005 0.7323263888888889 0.1083984375 0.3072916666666667
27 2 0 0.38160156250000005 0.7320138888888889 0.10839843750000006 0.3072916666666666
28 2 0 0.38099609375 0.731701388888889 0.10839843749999996 0.30729166666666674
29 2 0 0.380390625 0.731388888888889 0.1083984375 0.3072916666666667
30 2 0 0.37978515625000003 0.7310763888888889 0.1083984375 0.3072916666666667
31 2 0 0.37917968750000003 0.7307638888888889 0.1083984375 0.3072916666666667
32 2 0 0.3785742187500001 0.7304513888888888 0.10839843750000006 0.3072916666666666
33 2 0 0.37796874999999996 0.730138888888889 0.10839843749999996 0.30729166666666674
34 2 0 0.37736328125 0.729826388888889 0.1083984375 0.3072916666666667
35 2 0 0.3767578125 0.7295138888888889 0.1083984375 0.3072916666666667
36 2 0 0.37615234375000006 0.7292013888888889 0.1083984375 0.3072916666666667
37 2 0 0.37554687500000006 0.7288888888888888 0.10839843750000006 0.3072916666666666
38 2 0 0.37494140625 0.728576388888889 0.10839843749999996 0.30729166666666674
39 2 0 0.3743359375 0.7282638888888889 0.1083984375 0.3072916666666667
40 2 0 0.37373046875000004 0.7279513888888889 0.1083984375 0.3072916666666667
41 2 0 0.37312500000000004 0.7276388888888888 0.1083984375 0.3072916666666667
42 2 0 0.37251953125000004 0.7273263888888889 0.10839843750000006 0.3072916666666666
43 2 0 0.3719140625 0.727013888888889 0.10839843749999996 0.30729166666666674
44 2 0 0.37130859375 0.7267013888888889 0.1083984375 0.3072916666666667
45 2 0 0.370703125 0.7263888888888889 0.1083984375 0.3072916666666667
46 2 0 0.37009765625 0.7260763888888889 0.1083984375 0.3072916666666667
47 2 0 0.36949218750000007 0.7257638888888889 0.10839843750000006 0.3072916666666666
48 2 0 0.36888671875 0.7254513888888889 0.10839843749999996 0.30729166666666674
49 2 0 0.36828125 0.725138888888889 0.1083984375 0.3072916666666667
50 2 0 0.36767578125 0.724826388888889 0.1083984375 0.3072916666666667
51 3 32 0.4091796875 0.7829861111111112 0.3955078125 0.8020833333333334 0.4033203125 0.8246527777777778 0.416015625 0.8315972222222222 0.421875 0.796875
52 3 32 0.4091796875 0.7829861111111112 0.3955078125 0.8020833333333334 0.4033203125 0.8246527777777778 0.416015625 0.8315972222222222 0.421875 0.796875
53 3 32 0.4091796875 0.7829861111111112 0.3955078125 0.8020833333333334 0.4033203125 0.8246527777777778 0.416015625 0.8315972222222222 0.421875 0.796875
54 3 32 0.4091796875 0.7829861111111112 0.3955078125 0.8020833333333334 0.4033203125 0.8246527777777778 0.416015625 0.8315972222222222 0.421875 0.796875
55 3 32 0.4091796875 0.7829861111111112 0.3955078125 0.8020833333333334 0.4033203125 0.8246527777777778 0.416015625 0.8315972222222222 0.421875 0.796875
56 3 32 0.4091796875 0.7829861111111112 0.3955078125 0.8020833333333334 0.4033203125 0.8246527777777778 0.416015625 0.8315972222222222 0.421875 0.796875
57 3 32 0.4091796875 0.7829861111111112 0.3955078125 0.8020833333333334 0.4033203125 0.8246527777777778 0.416015625 0.8315972222222222 0.421875 0.796875
58 3 32 0.4091796875 0.7829861111111112 0.3955078125 0.8020833333333334 0.4033203125 0.8246527777777778 0.416015625 0.8315972222222222 0.421875 0.796875
59 3 32 0.4091796875 0.7829861111111112 0.3955078125 0.8020833333333334 0.4033203125 0.8246527777777778 0.416015625 0.8315972222222222 0.421875 0.796875
60 3 32 0.4091796875 0.7829861111111112 0.3955078125 0.8020833333333334 0.4033203125 0.8246527777777778 0.416015625 0.8315972222222222 0.421875 0.796875
61 3 32 0.4091796875 0.7829861111111112 0.3955078125 0.8020833333333334 0.4033203125 0.8246527777777778 0.416015625 0.8315972222222222 0.421875 0.796875
62 3 32 0.4091796875 0.7829861111111112 0.3955078125 0.8020833333333334 0.4033203125 0.8246527777777778 0.416015625 0.8315972222222222 0.421875 0.796875
63 3 32 0.4091796875 0.7829861111111112 0.3955078125 0.8020833333333334 0.4033203125 0.8246527777777778 0.416015625 0.8315972222222222 0.421875 0.796875
64 3 32 0.4091796875 0.7829861111111112 0.3955078125 0.8020833333333334 0.4033203125 0.8246527777777778 0.416015625 0.8315972222222222 0.421875 0.796875
65 3 32 0.4091796875 0.7829861111111112 0.3955078125 0.8020833333333334 0.4033203125 0.8246527777777778 0.416015625 0.8315972222222222 0.421875 0.796875
66 3 32 0.4091796875 0.7829861111111112 0.3955078125 0.8020833333333334 0.4033203125 0.8246527777777778 0.416015625 0.8315972222222222 0.421875 0.796875
67 3 32 0.4091796875 0.7829861111111112 0.3955078125 0.8020833333333334 0.4033203125 0.8246527777777778 0.416015625 0.8315972222222222 0.421875 0.796875
68 3 32 0.4091796875 0.7829861111111112 0.3955078125 0.8020833333333334 0.4033203125 0.8246527777777778 0.416015625 0.8315972222222222 0.421875 0.796875
69 3 32 0.4091796875 0.7829861111111112 0.3955078125 0.8020833333333334 0.4033203125 0.8246527777777778 0.416015625 0.8315972222222222 0.421875 0.796875
70 3 32 0.4091796875 0.7829861111111112 0.3955078125 0.8020833333333334 0.4033203125 0.8246527777777778 0.416015625 0.8315972222222222 0.421875 0.796875
71 3 32 0.4091796875 0.7829861111111112 0.3955078125 0.8020833333333334 0.4033203125 0.8246527777777778 0.416015625 0.8315972222222222 0.421875 0.796875
72 3 32 0.4091796875 0.7829861111111112 0.3955078125 0.8020833333333334 0.4033203125 0.8246527777777778 0.416015625 0.8315972222222222 0.421875 0.796875
73 3 32 0.4091796875 0.7829861111111112 0.3955078125 0.8020833333333334 0.4033203125 0.8246527777777778 0.416015625 0.8315972222222222 0.421875 0.796875
74 3 32 0.4091796875 0.7829861111111112 0.3955078125 0.8020833333333334 0.4033203125 0.8246527777777778 0.416015625 0.8315972222222222 0.421875 0.796875
75 3 32 0.4091796875 0.7829861111111112 0.3955078125 0.8020833333333334 0.4033203125 0.8246527777777778 0.416015625 0.8315972222222222 0.421875 0.796875
76 3 32 0.4091796875 0.7829861111111112 0.3955078125 0.8020833333333334 0.4033203125 0.8246527777777778 0.416015625 0.8315972222222222 0.421875 0.796875
77 3 32 0.4091796875 0.7829861111111112 0.3955078125 0.8020833333333334 0.4033203125 0.8246527777777778 0.416015625 0.8315972222222222 0.421875 0.796875
78 3 32 0.4091796875 0.7829861111111112 0.3955078125 0.8020833333333334 0.4033203125 0.8246527777777778 0.416015625 0.8315972222222222 0.421875 0.796875
79 3 32 0.4091796875 0.7829861111111112 0.3955078125 0.8020833333333334 0.4033203125 0.8246527777777778 0.416015625 0.8315972222222222 0.421875 0.796875
80 3 32 0.4091796875 0.7829861111111112 0.3955078125 0.8020833333333334 0.4033203125 0.8246527777777778 0.416015625 0.8315972222222222 0.421875 0.796875
81 3 32 0.4091796875 0.7829861111111112 0.3955078125 0.8020833333333334 0.4033203125 0.8246527777777778 0.416015625 0.8315972222222222 0.421875 0.796875
82 3 32 0.4091796875 0.7829861111111112 0.3955078125 0.8020833333333334 0.4033203125 0.8246527777777778 0.416015625 0.8315972222222222 0.421875 0.796875
83 3 32 0.4091796875 0.7829861111111112 0.3955078125 0.8020833333333334 0.4033203125 0.8246527777777778 0.416015625 0.8315972222222222 0.421875 0.796875
84 3 32 0.4091796875 0.7829861111111112 0.3955078125 0.8020833333333334 0.4033203125 0.8246527777777778 0.416015625 0.8315972222222222 0.421875 0.796875
85 3 32 0.4091796875 0.7829861111111112 0.3955078125 0.8020833333333334 0.4033203125 0.8246527777777778 0.416015625 0.8315972222222222 0.421875 0.796875
86 3 32 0.4091796875 0.7829861111111112 0.3955078125 0.8020833333333334 0.4033203125 0.8246527777777778 0.416015625 0.8315972222222222 0.421875 0.796875
87 3 32 0.4091796875 0.7829861111111112 0.3955078125 0.8020833333333334 0.4033203125 0.8246527777777778 0.416015625 0.8315972222222222 0.421875 0.796875
88 3 32 0.4091796875 0.7829861111111112 0.3955078125 0.8020833333333334 0.4033203125 0.8246527777777778 0.416015625 0.8315972222222222 0.421875 0.796875
89 3 32 0.4091796875 0.7829861111111112 0.3955078125 0.8020833333333334 0.4033203125 0.8246527777777778 0.416015625 0.8315972222222222 0.421875 0.796875
90 3 32 0.4091796875 0.7829861111111112 0.3955078125 0.8020833333333334 0.4033203125 0.8246527777777778 0.416015625 0.8315972222222222 0.421875 0.796875
91 3 32 0.4091796875 0.7829861111111112 0.3955078125 0.8020833333333334 0.4033203125 0.8246527777777778 0.416015625 0.8315972222222222 0.421875 0.796875
92 3 32 0.4091796875 0.7829861111111112 0.3955078125 0.8020833333333334 0.4033203125 0.8246527777777778 0.416015625 0.8315972222222222 0.421875 0.796875
93 3 32 0.4091796875 0.7829861111111112 0.3955078125 0.8020833333333334 0.4033203125 0.8246527777777778 0.416015625 0.8315972222222222 0.421875 0.796875
94 3 32 0.4091796875 0.7829861111111112 0.3955078125 0.8020833333333334 0.4033203125 0.8246527777777778 0.416015625 0.8315972222222222 0.421875 0.796875
95 3 32 0.4091796875 0.7829861111111112 0.3955078125 0.8020833333333334 0.4033203125 0.8246527777777778 0.416015625 0.8315972222222222 0.421875 0.796875
96 3 32 0.4091796875 0.7829861111111112 0.3955078125 0.8020833333333334 0.4033203125 0.8246527777777778 0.416015625 0.8315972222222222 0.421875 0.796875
97 3 32 0.4091796875 0.7829861111111112 0.3955078125 0.8020833333333334 0.4033203125 0.8246527777777778 0.416015625 0.8315972222222222 0.421875 0.796875
98 3 32 0.4091796875 0.7829861111111112 0.3955078125 0.8020833333333334 0.4033203125 0.8246527777777778 0.416015625 0.8315972222222222 0.421875 0.796875
99 3 32 0.4091796875 0.7829861111111112 0.3955078125 0.8020833333333334 0.4033203125 0.8246527777777778 0.416015625 0.8315972222222222 0.421875 0.796875
100 3 32 0.4091796875 0.7829861111111112 0.3955078125 0.8020833333333334 0.4033203125 0.8246527777777778 0.416015625 0.8315972222222222 0.421875 0.796875